(5,[['T',1,1],['Q',1,3]])
(5,[['B',2,1],['H',1,4]])
(5,[['K',0,0],['T',1,4]])
(5,[['B',1,1],['Q',2,2]])
(5,[['K',1,1],['H',3,4]])
(5,[['B',2,4],['T',4,3]])
(5,[['H',3,1],['Q',4,3]])
(5,[['B',4,1],['K',1,2]])
(5,[['T',4,3],['H',4,4]])
(5,[['K',1,0],['K',1,4]])
(6,[['B',4,1],['T',1,5],['K',5,5]])
(6,[['T',0,3],['H',3,3],['Q',2,4]])
(6,[['B',4,1],['H',1,2],['K',4,4]])
(6,[['K',2,0],['T',5,1],['Q',4,3]])
(6,[['B',0,2],['T',4,3],['Q',1,5]])
(6,[['K',3,0],['H',3,3],['T',2,4]])
(6,[['Q',3,0],['H',2,4],['B',4,3]])
(6,[['K',1,1],['B',4,1],['Q',3,4]])
(6,[['B',0,2],['H',2,1],['T',4,4]])
(6,[['H',1,2],['Q',2,3],['K',2,5]])
